sample-data.txt   1 channel (mono)
Sample Rate: 44100 Hz. Sample values on linear scale.
Length processed: 3528 samples 0.08000 seconds.


-0.00027
0.00031
-0.00043
0.00043
-0.00034
0.00055
-0.00046
0.00067
-0.00049
0.00085
-0.00073
0.00098
-0.00089
0.00098
-0.00125
-0.06558
-0.05222
-0.12112
-0.14471
-0.03732
-0.10837
-0.12653
-0.14468
-0.13126
-0.07370
-0.06439
-0.06232
-0.09570
-0.05206
0.01630
0.06149
0.02011
0.04956
0.11426
0.14035
0.17630
0.25375
0.31281
0.32159
0.32867
0.33887
0.39221
0.38153
0.37494
0.10745
-0.08521
-0.13724
-0.14322
-0.19247
-0.33136
-0.48138
-0.57574
-0.53400
-0.69891
-0.76956
-0.69434
-0.61630
-0.42209
-0.18503
0.03220
0.28217
0.03244
-0.07108
0.50336
0.88269
0.98962
0.97595
0.95209
0.89923
0.90308
0.82135
0.89056
0.82135
0.22968
-0.20578
-0.01782
0.06326
-0.12015
-0.46429
-0.73746
-0.78833
-0.90698
-0.63467
-0.75357
-0.99994
-0.80231
-0.75482
-0.59894
-0.27496
-0.58536
-0.41174
0.11343
0.32278
0.54779
0.77490
0.91006
0.85065
0.88303
0.84186
0.86926
0.82816
0.85410
0.76306
0.35434
0.32452
0.13226
-0.35587
-0.66766
-0.82129
-0.88913
-0.95309
-0.89691
-0.94055
-0.60715
-0.47455
-0.83749
-0.90619
-0.54422
-0.18689
0.06454
0.24442
0.33514
0.54428
0.57144
0.57935
0.75821
0.86453
0.84897
0.73404
0.46957
0.30911
0.19217
0.07797
-0.03094
-0.23743
-0.36267
-0.34100
-0.32990
-0.38577
-0.38922
-0.30872
-0.23267
-0.29926
-0.32202
-0.26608
-0.20831
-0.13351
-0.11789
-0.07016
-0.05414
-0.12952
-0.13348
-0.09003
-0.08994
-0.10968
-0.19229
-0.21762
-0.17123
-0.13434
-0.06808
-0.02469
-0.00659
0.05722
0.03665
0.05347
0.03049
0.02753
0.14874
0.20200
0.20197
0.15616
0.11697
0.09927
0.06369
0.01230
-0.05554
-0.14230
-0.14209
-0.08527
-0.07904
-0.12683
-0.13080
-0.14905
-0.09644
-0.06726
-0.08020
-0.07443
-0.08676
-0.09818
-0.14075
-0.10040
-0.05292
-0.01508
0.00717
0.02097
0.06674
0.14899
0.20850
0.20898
0.23117
0.19778
0.17346
0.20062
0.21475
0.22159
0.19797
0.13855
0.06580
-0.01459
-0.07791
-0.05383
-0.02899
-0.09464
-0.14636
-0.11050
-0.07535
-0.10797
-0.11938
-0.09396
-0.04813
-0.02469
-0.05563
-0.02731
0.02588
0.03595
0.04166
0.05472
0.04892
0.04752
0.06183
0.08890
0.10669
0.08456
0.04730
0.03055
0.08002
0.11200
0.12350
0.14337
0.10614
0.05127
0.01459
-0.02704
-0.04294
-0.02896
-0.04453
-0.05664
-0.08832
-0.12039
-0.11154
-0.11713
-0.11798
-0.10080
-0.07544
-0.05014
-0.03714
-0.00525
0.03091
0.04755
0.07941
0.09479
0.08804
0.09836
0.10257
0.11923
0.12122
0.11115
0.08319
0.05234
0.05414
0.02380
0.00000
-0.01938
-0.06122
-0.10052
-0.13193
-0.16452
-0.17114
-0.16992
-0.18860
-0.19113
-0.13617
-0.06668
-0.02484
0.02811
0.07071
0.09323
0.14139
0.18121
0.22043
0.25772
0.22055
0.17477
0.11447
0.05853
0.03458
-0.02112
-0.07159
-0.09769
-0.11548
-0.12802
-0.14200
-0.15588
-0.16180
-0.15948
-0.13232
-0.09857
-0.06665
-0.04239
-0.04544
-0.00916
0.04526
0.07037
0.10651
0.13574
0.14859
0.14572
0.12982
0.11154
0.09784
0.08743
0.06067
0.04800
0.01328
-0.01794
-0.06049
-0.10220
-0.08276
-0.09186
-0.07202
-0.05499
-0.07803
-0.07077
-0.07117
-0.04556
-0.00412
0.01453
0.02899
0.04120
0.05554
0.05753
0.06094
0.07867
0.07281
0.04965
0.04703
0.05643
0.06369
0.06503
0.04651
0.02829
0.01212
-0.01691
-0.05078
-0.05759
-0.04205
-0.03226
-0.03918
-0.05429
-0.04965
-0.03119
-0.01083
-0.00391
0.02859
0.05646
0.04407
0.03683
0.02505
0.03909
0.08636
0.09354
0.04807
0.02533
0.03360
0.03943
0.02295
0.01373
0.00439
-0.01920
-0.01157
-0.01193
-0.04395
-0.04651
-0.04279
-0.05005
-0.03967
-0.06018
-0.07339
-0.06479
-0.06155
-0.05011
-0.02393
0.01361
0.01804
0.00516
0.02667
0.04025
0.05597
0.05722
0.04315
0.04657
0.03391
0.03259
0.02789
-0.00882
-0.03769
-0.02737
-0.01724
-0.02155
-0.02521
-0.04092
-0.04227
-0.04034
-0.05219
-0.05023
-0.03528
-0.01797
-0.01196
-0.00342
-0.00034
0.00079
0.01926
0.01395
0.02527
0.06454
0.07047
0.06409
0.05719
0.05179
0.04901
0.03973
0.03906
0.03351
0.01913
0.01035
0.00537
0.00034
-0.01385
-0.03348
-0.03693
-0.03125
-0.04443
-0.04800
-0.04605
-0.05075
-0.04135
-0.03314
-0.03186
-0.02368
-0.00833
0.00101
0.01758
0.02438
0.02692
0.04904
0.06421
0.08215
0.07327
0.04254
0.04022
0.03668
0.03769
0.04651
0.03516
0.00607
-0.01691
-0.02301
-0.02481
-0.01770
-0.01776
-0.03448
-0.04019
-0.03729
-0.03262
-0.01331
-0.00946
-0.01678
-0.00061
0.00006
0.00107
0.02512
0.03088
0.03897
0.05151
0.03998
0.03479
0.04800
0.05109
0.04706
0.02884
-0.00458
-0.02283
-0.03766
-0.04248
-0.04358
-0.05942
-0.08899
-0.10773
-0.09421
-0.08221
-0.07993
-0.06842
-0.03802
-0.02869
-0.01367
0.03470
0.04367
0.04391
0.06387
0.06750
0.08350
0.10910
0.10748
0.08685
0.07315
0.06339
0.05255
0.03162
0.00311
-0.01004
-0.02090
-0.03534
-0.05014
-0.05994
-0.06479
-0.07739
-0.07388
-0.06549
-0.06171
-0.04758
-0.03391
-0.01462
0.00455
0.02786
0.03549
0.02618
0.04138
0.06445
0.07193
0.08258
0.07660
0.04947
0.03387
0.04056
0.05774
0.04617
0.01385
-0.01373
-0.02975
-0.03302
-0.02939
-0.02844
-0.02588
-0.03098
-0.04636
-0.04645
-0.04260
-0.04697
-0.04010
-0.03064
-0.04755
-0.04282
-0.02640
-0.02103
-0.00684
-0.00705
0.00345
0.00696
0.00131
0.00677
0.01508
0.03458
0.04651
0.03635
0.03378
0.05008
0.06027
0.06644
0.06024
0.05545
0.04654
0.03506
0.01917
-0.01074
-0.02689
-0.04657
-0.06570
-0.08350
-0.09094
-0.07825
-0.07434
-0.08661
-0.09189
-0.06271
-0.01974
0.00424
0.02063
0.04294
0.04843
0.05542
0.06909
0.07352
0.09033
0.08777
0.06479
0.05353
0.03467
0.01572
0.01254
0.01666
0.00903
-0.00589
-0.01834
-0.02277
-0.02222
-0.02081
-0.02118
-0.01855
-0.01657
-0.01074
0.00156
-0.00314
0.00195
0.01089
0.01965
0.02966
0.03772
0.03339
0.01602
0.00986
0.02109
0.02005
0.01367
0.01215
0.00467
-0.00021
0.00351
-0.00308
-0.01141
-0.01627
-0.01202
0.00201
-0.00937
-0.00684
-0.00372
-0.00409
0.00583
0.00702
0.00244
0.00424
0.00394
0.01514
0.03555
0.03403
0.01477
0.00275
0.00604
0.00467
0.00845
0.01059
0.00421
-0.00058
-0.01892
-0.02869
-0.02170
-0.01950
-0.02036
-0.02219
-0.01047
-0.01163
-0.02679
-0.03217
-0.04041
-0.03110
-0.02246
-0.02472
-0.01859
-0.02213
-0.01245
-0.00128
0.00537
0.01761
0.02124
0.02496
0.02905
0.03522
0.03647
0.03427
0.03162
0.02057
0.01828
0.01801
-0.01138
-0.03333
-0.03445
-0.04684
-0.05869
-0.06104
-0.06360
-0.04904
-0.03635
-0.03519
-0.01785
0.00128
0.02292
0.03729
0.04822
0.06186
0.06351
0.05704
0.04984
0.04434
0.03336
0.01984
-0.00388
-0.01886
-0.02069
-0.03058
-0.04340
-0.04846
-0.03683
-0.01617
-0.00604
-0.00653
-0.00226
0.00583
0.00967
0.01419
0.01907
0.02490
0.02890
0.02344
0.02020
0.01654
0.01392
0.01431
0.00983
0.00134
-0.00671
-0.00684
-0.00708
-0.00909
-0.01297
-0.02631
-0.02563
-0.00970
-0.00934
-0.00299
-0.00061
-0.00992
-0.00528
0.00491
0.01028
0.00031
0.00003
0.00339
-0.00235
-0.00519
-0.01208
-0.01669
-0.02164
-0.02835
-0.03473
-0.03613
-0.03082
-0.02325
-0.02374
-0.02258
-0.00433
0.00989
0.01685
0.01840
0.01285
0.00458
0.01004
0.02298
0.02478
0.01782
0.00848
0.00220
-0.00662
-0.02124
-0.03625
-0.03918
-0.04892
-0.05624
-0.06107
-0.07523
-0.07056
-0.06091
-0.05322
-0.04904
-0.04309
-0.02692
-0.00421
0.01843
0.03586
0.04785
0.06268
0.06747
0.05881
0.05600
0.04834
0.03458
0.01962
0.01096
0.00598
-0.00732
-0.02209
-0.02524
-0.03357
-0.04147
-0.03729
-0.03934
-0.04169
-0.03268
-0.03229
-0.03589
-0.03711
-0.03101
-0.02417
-0.01999
-0.01093
-0.00879
-0.00055
0.01541
0.01697
0.01941
0.02960
0.03177
0.04300
0.04977
0.04901
0.03955
0.02435
0.02338
0.02039
0.01782
0.01981
0.01062
0.00031
-0.00470
-0.01410
-0.00647
-0.00235
-0.01315
-0.01688
-0.01611
-0.01727
-0.01352
-0.01321
-0.01837
-0.00638
-0.00485
-0.00772
-0.00140
0.00168
-0.00049
-0.00061
0.00787
0.01550
0.02228
0.02722
0.02609
0.02679
0.03299
0.04208
0.03915
0.03653
0.04288
0.03790
0.03345
0.02567
0.01031
0.00153
-0.00620
-0.01926
-0.03064
-0.03165
-0.03329
-0.03574
-0.03677
-0.04276
-0.03812
-0.03195
-0.02521
-0.01730
-0.01147
-0.00586
-0.00632
-0.00082
0.00790
0.01443
0.01804
0.02023
0.01703
0.01660
0.02347
0.02783
0.02927
0.02539
0.01923
0.01624
0.01920
0.01056
-0.00439
-0.01572
-0.02158
-0.02084
-0.02667
-0.03577
-0.03305
-0.02853
-0.03275
-0.03519
-0.03323
-0.02658
-0.01907
-0.01547
-0.00894
0.00186
0.01059
0.01855
0.02063
0.02692
0.03183
0.02783
0.02704
0.02322
0.01987
0.01276
0.00067
-0.00104
0.00006
-0.01059
-0.02222
-0.02554
-0.01901
-0.01639
-0.01767
-0.01508
-0.01709
-0.00903
-0.00107
0.00195
0.00296
0.00305
0.00803
0.00851
0.00357
0.00345
0.00824
0.00027
-0.00647
-0.00732
-0.00681
-0.00620
-0.00613
-0.00656
-0.00595
-0.00217
0.00253
0.00195
-0.00043
0.00049
-0.00092
-0.00281
-0.00467
-0.00189
0.00287
0.00430
0.00534
0.00778
0.01105
0.02231
0.02463
0.01889
0.01282
0.00595
0.00525
0.00278
-0.00522
-0.00949
-0.02213
-0.03278
-0.02954
-0.02814
-0.02567
-0.02661
-0.02396
-0.01343
-0.00296
0.00687
0.01654
0.02118
0.02213
0.02435
0.02386
0.02219
0.02170
0.02048
0.02032
0.01706
0.01431
0.00522
0.00073
0.00565
-0.00165
-0.00806
-0.01007
-0.01346
-0.00314
0.00620
0.01123
0.01169
-0.00128
-0.00745
-0.00613
-0.00012
0.00186
-0.00140
-0.00681
-0.01169
-0.01807
-0.02609
-0.02734
-0.02020
-0.01532
-0.01291
-0.00931
-0.01022
-0.00443
0.00867
0.01389
0.01938
0.03372
0.03397
0.02982
0.03552
0.03476
0.03265
0.02637
0.01343
0.00574
-0.00555
-0.02118
-0.02774
-0.02719
-0.03119
-0.03827
-0.04315
-0.05072
-0.05252
-0.04477
-0.04120
-0.03723
-0.03024
-0.01703
-0.00485
0.00195
0.00949
0.01392
0.02530
0.03281
0.03342
0.03363
0.03284
0.03348
0.03009
0.02286
0.01257
0.00717
0.00049
-0.01486
-0.02945
-0.03415
-0.03668
-0.03943
-0.03964
-0.03610
-0.03186
-0.02081
-0.00735
-0.00781
-0.00476
0.00977
0.01730
0.01590
0.02054
0.02240
0.02313
0.01935
0.01425
0.01230
0.00656
0.00336
0.00330
-0.00192
-0.00931
-0.00974
-0.00732
-0.01349
-0.01752
-0.01392
-0.01105
-0.00754
-0.00601
-0.00595
-0.00589
-0.00485
-0.00241
0.00391
0.01050
0.01486
0.01910
0.02301
0.02090
0.02039
0.02432
0.02533
0.01944
0.01221
0.01163
0.00781
0.00427
-0.00006
-0.00864
-0.01398
-0.01828
-0.02417
-0.02673
-0.02658
-0.02252
-0.01642
-0.01962
-0.01965
-0.01187
-0.00565
0.00357
0.01614
0.02414
0.02460
0.02539
0.02823
0.03192
0.03140
0.02753
0.02744
0.01682
0.00723
-0.00024
-0.00845
-0.00977
-0.01395
-0.02032
-0.02365
-0.02350
-0.02704
-0.02982
-0.02982
-0.02002
-0.01382
-0.01443
-0.01160
-0.00668
0.00259
0.01050
0.01123
0.00278
0.00113
0.00696
0.00891
0.00607
0.00534
0.00977
0.00842
0.00687
0.00378
-0.00626
-0.01025
-0.01041
-0.01169
-0.00775
-0.00595
-0.00861
-0.00906
-0.00906
-0.00879
-0.00827
-0.00500
0.00189
0.01044
0.01355
0.00882
0.01117
0.01501
0.01309
0.01123
0.00323
-0.00146
-0.00122
-0.00342
-0.00778
-0.01477
-0.01816
-0.01935
-0.01755
-0.01114
-0.00458
-0.00189
0.00150
0.00882
0.01422
0.01749
0.02118
0.02182
0.02188
0.02075
0.01669
0.01572
0.01376
0.00949
0.00378
-0.00266
-0.00824
-0.00839
-0.00378
-0.00616
-0.00876
-0.00574
-0.00464
-0.00195
0.00021
0.00058
0.00378
0.00723
0.00879
0.00827
0.01117
0.01587
0.01752
0.01404
0.01050
0.01065
0.01123
0.01288
0.00858
-0.00003
-0.00507
-0.00977
-0.01160
-0.00644
-0.00720
-0.01089
-0.00739
-0.00479
-0.00461
-0.00079
0.00504
0.01077
0.01776
0.02518
0.02570
0.02408
0.02438
0.01987
0.02213
0.02158
0.01218
0.00812
0.00519
0.00055
-0.00827
-0.02045
-0.03058
-0.03412
-0.03052
-0.02716
-0.02570
-0.02087
-0.01550
-0.01157
-0.00711
0.00241
0.01187
0.02054
0.02432
0.02673
0.03116
0.03049
0.02335
0.01288
0.00818
0.00278
-0.00635
-0.00824
-0.01163
-0.01581
-0.01321
-0.02100
-0.02759
-0.02820
-0.02512
-0.01563
-0.00995
-0.00888
-0.00470
0.00342
0.00949
0.00815
0.00409
0.00598
0.00668
0.00464
0.00488
0.00397
0.00534
0.00168
-0.00699
-0.00427
-0.00034
-0.00043
-0.00092
-0.00632
-0.01047
-0.00784
-0.00150
0.00452
0.00076
-0.00162
-0.00168
-0.00302
0.00208
0.00195
-0.00031
-0.00156
-0.00461
-0.00427
-0.00031
0.00522
0.00513
0.00186
-0.00119
-0.00330
-0.00293
-0.00150
0.00259
0.00266
-0.00024
-0.00027
0.00186
0.00214
0.00565
0.01059
0.00854
0.00482
0.00455
0.00690
0.01108
0.00610
-0.00217
-0.00452
-0.00900
-0.01007
-0.01013
-0.01447
-0.01871
-0.01743
-0.01614
-0.01566
-0.01212
-0.00836
-0.00281
0.00229
0.00592
0.00766
0.00674
0.00787
0.01025
0.01297
0.01511
0.01245
0.00827
0.00870
0.00790
0.00446
-0.00198
-0.01062
-0.01248
-0.01300
-0.01743
-0.02148
-0.01877
-0.01706
-0.02109
-0.02191
-0.01962
-0.01556
-0.01166
-0.01102
-0.00854
-0.00479
-0.00201
0.00043
0.00369
0.00870
0.00787
0.00797
0.00784
0.00836
0.01175
0.00949
0.00613
0.00543
0.00552
0.00137
-0.00461
-0.01151
-0.01419
-0.01758
-0.02167
-0.02225
-0.02350
-0.02356
-0.02078
-0.01752
-0.01636
-0.01349
-0.00674
-0.00137
0.00272
0.00659
0.00851
0.01059
0.01019
0.00995
0.01291
0.01205
0.00742
0.00266
-0.00171
-0.00031
-0.00177
-0.00638
-0.01013
-0.01361
-0.01404
-0.01392
-0.01315
-0.01416
-0.01471
-0.01105
-0.00580
-0.00061
0.00241
0.00055
0.00244
0.00586
0.00812
0.01334
0.01483
0.01349
0.01224
0.01166
0.01193
0.01138
0.00925
0.00790
0.00250
-0.00641
-0.01013
-0.01151
-0.01382
-0.01404
-0.01251
-0.01349
-0.01541
-0.01355
-0.00977
-0.00577
-0.00339
-0.00116
0.00531
0.01050
0.01752
0.01938
0.01782
0.02008
0.01550
0.01309
0.01413
0.01495
0.01169
0.00693
0.00369
-0.00153
-0.00208
-0.00366
-0.00870
-0.01208
-0.01373
-0.01492
-0.01520
-0.01306
-0.01028
-0.00830
-0.00687
-0.00766
-0.00620
-0.00201
0.00150
0.00464
0.00610
0.00754
0.00757
0.00751
0.01074
0.01474
0.01471
0.00989
0.00467
0.00443
0.00641
0.00528
0.00122
0.00015
-0.00061
-0.00476
-0.00308
-0.00327
-0.00549
-0.00458
-0.00620
-0.00620
-0.00507
-0.00455
-0.00333
-0.00632
-0.00848
-0.00739
-0.00601
-0.00143
0.00079
-0.00046
0.00058
0.00146
0.00208
0.00391
0.00464
0.00577
0.00833
0.00952
0.00735
0.00635
0.00516
0.00439
0.00717
0.00616
0.00177
-0.00290
-0.00363
-0.00208
-0.00256
-0.00610
-0.01276
-0.01416
-0.01465
-0.01431
-0.01270
-0.01270
-0.00891
-0.00372
0.00049
0.00385
0.00742
0.00949
0.01181
0.01465
0.01559
0.01633
0.01398
0.01205
0.01126
0.00485
0.00110
-0.00165
-0.00470
-0.00455
-0.00781
-0.00998
-0.00992
-0.01187
-0.01340
-0.01154
-0.00644
-0.00223
-0.00052
0.00055
0.00601
0.01169
0.01196
0.01117
0.01062
0.01047
0.01196
0.01520
0.01355
0.00891
0.00906
0.00900
0.00745
0.00244
-0.00372
-0.00510
-0.00598
-0.00641
-0.00864
-0.01270
-0.01111
-0.00781
-0.00534
-0.00461
-0.00601
-0.00220
0.00281
0.00293
0.00415
0.00705
0.00833
0.00977
0.00940
0.00952
0.01160
0.01154
0.00833
0.00711
0.00546
0.00458
0.00598
0.00516
0.00253
-0.00156
-0.00323
-0.00269
-0.00250
-0.00455
-0.00598
-0.00714
-0.00699
-0.00427
-0.00235
-0.00140
-0.00253
-0.00256
-0.00198
-0.00311
-0.00366
-0.00003
0.00189
0.00116
0.00281
0.00330
0.00195
0.00055
0.00330
0.00754
0.00833
0.00833
0.00531
0.00415
0.00421
0.00189
0.00238
0.00217
0.00226
-0.00012
-0.00540
-0.00806
-0.00861
-0.01044
-0.01056
-0.00900
-0.00980
-0.00955
-0.00797
-0.00540
-0.00262
-0.00150
-0.00165
-0.00137
-0.00195
-0.00220
0.00232
0.00427
0.00183
0.00198
0.00177
0.00095
0.00064
0.00107
0.00143
0.00131
0.00031
0.00000
0.00058
-0.00015
0.00009
-0.00079
-0.00333
-0.00635
-0.00842
-0.00775
-0.00882
-0.00964
-0.00952
-0.00830
-0.00601
-0.00598
-0.00351
-0.00107
0.00031
0.00281
0.00122
0.00018
0.00403
0.00522
0.00589
0.00635
0.00546
0.00610
0.00467
0.00369
0.00235
0.00000
-0.00156
-0.00146
-0.00180
-0.00427
-0.00681
-0.00790
-0.00690
-0.00476
-0.00372
-0.00354
-0.00262
-0.00412
-0.00195
0.00253
0.00345
0.00400
0.00525
0.00717
0.00705
0.00601
0.00595
0.00586
0.00528
0.00381
0.00107
-0.00198
-0.00339
-0.00439
-0.00397
-0.00513
-0.00766
-0.00742
-0.00812
-0.00583
-0.00314
-0.00375
-0.00336
-0.00150
-0.00122
-0.00003
0.00308
0.00403
0.00430
0.00488
0.00464
0.00369
0.00305
0.00168
-0.00067
-0.00113
-0.00208
-0.00372
-0.00385
-0.00510
-0.00589
-0.00681
-0.00748
-0.00793
-0.00763
-0.00644
-0.00446
-0.00220
-0.00217
-0.00143
-0.00101
-0.00095
-0.00027
-0.00092
-0.00034
0.00006
-0.00024
0.00006
-0.00018
0.00000
0.00058
0.00101
0.00162
0.00293
0.00485
0.00519
0.00168
-0.00061
-0.00128
-0.00293
-0.00247
-0.00375
-0.00568
-0.00507
-0.00641
-0.00583
-0.00507
-0.00598
-0.00439
-0.00238
0.00012
0.00116
0.00146
0.00143
0.00073
0.00211
0.00278
0.00269
0.00446
0.00558
0.00507
0.00458
0.00436
0.00552
0.00693
0.00644
0.00500
0.00388
0.00345
0.00250
0.00122
0.00156
0.00107
-0.00055
-0.00241
-0.00397
-0.00470
-0.00482
-0.00357
-0.00256
-0.00128
0.00027
0.00125
0.00278
0.00525
0.00665
0.00873
0.01059
0.01077
0.01059
0.01111
0.01166
0.01254
0.01208
0.00876
0.00757
0.00732
0.00519
0.00177
-0.00305
-0.00543
-0.00418
-0.00565
-0.00775
-0.00671
-0.00534
-0.00583
-0.00497
-0.00198
-0.00049
0.00128
0.00375
0.00641
0.00879
0.00919
0.00848
0.00790
0.00772
0.00858
0.00833
0.00684
0.00452
0.00204
0.00235
0.00244
0.00027
-0.00247
-0.00458
-0.00665
-0.00650
-0.00580
-0.00647
-0.00684
-0.00635
-0.00391
-0.00223
-0.00049
0.00027
0.00110
0.00381
0.00497
0.00601
0.00742
0.00720
0.00723
0.00711
0.00369
0.00204
0.00150
-0.00055
-0.00256
-0.00446
-0.00577
-0.00763
-0.00754
-0.00607
-0.00763
-0.00620
-0.00345
-0.00485
-0.00568
-0.00330
-0.00195
-0.00107
0.00037
0.00168
0.00296
0.00574
0.00729
0.00583
0.00403
0.00281
0.00348
0.00381
0.00327
0.00143
0.00101
0.00024
-0.00046
-0.00113
-0.00305
-0.00372
-0.00461
-0.00443
-0.00595
-0.00790
-0.00714
-0.00790
-0.00714
-0.00378
-0.00302
-0.00168
0.00095
0.00238
0.00378
0.00485
0.00607
0.00613
0.00745
0.00842
0.00610
0.00522
0.00494
0.00296
0.00269
0.00220
0.00067
-0.00073
-0.00104
-0.00180
-0.00333
-0.00241
-0.00073
-0.00116
-0.00262
-0.00333
-0.00327
-0.00162
-0.00046
0.00000
-0.00003
-0.00043
-0.00070
-0.00015
0.00159
0.00281
0.00229
0.00174
0.00256
0.00436
0.00381
0.00284
0.00403
0.00403
0.00317
0.00290
0.00259
0.00128
0.00101
0.00006
-0.00052
0.00058
-0.00052
-0.00137
-0.00232
-0.00439
-0.00385
-0.00333
-0.00427
-0.00482
-0.00464
-0.00314
-0.00232
-0.00220
-0.00217
-0.00171
-0.00079
-0.00055
0.00040
0.00211
0.00153
0.00098
0.00238
0.00211
0.00180
0.00223
0.00211
0.00226
0.00177
0.00113
0.00067
-0.00070
-0.00244
-0.00534
-0.00705
-0.00714
-0.00739
-0.00592
-0.00580
-0.00772
-0.00800
-0.00760
-0.00607
-0.00323
-0.00165
-0.00012
0.00122
0.00159
0.00232
0.00284
0.00299
0.00470
0.00467
0.00266
0.00153
-0.00018
-0.00220
-0.00360
-0.00385
-0.00369
-0.00467
-0.00565
-0.00531
-0.00537
-0.00516
-0.00439
-0.00397
-0.00320
-0.00314
-0.00281
-0.00134
-0.00015
-0.00058
0.00006
0.00113
0.00110
0.00058
0.00061
0.00201
0.00104
-0.00012
-0.00061
-0.00052
0.00043
0.00119
0.00092
-0.00040
-0.00085
-0.00168
-0.00241
-0.00314
-0.00211
-0.00110
-0.00247
-0.00354
-0.00259
-0.00082
0.00037
0.00183
0.00204
0.00159
0.00217
0.00247
0.00168
0.00153
0.00229
0.00226
0.00226
0.00262
0.00284
0.00244
0.00266
0.00369
0.00266
0.00073
0.00079
0.00064
0.00049
-0.00009
-0.00214
-0.00174
-0.00046
-0.00031
-0.00003
0.00000
-0.00052
-0.00146
-0.00082
0.00101
0.00232
0.00253
0.00269
0.00363
0.00360
0.00238
0.00198
0.00177
0.00156
0.00211
0.00238
0.00177
0.00159
0.00168
0.00079
-0.00024
-0.00177
-0.00217
-0.00253
-0.00336
-0.00400
-0.00531
-0.00537
-0.00375
-0.00290
-0.00079
0.00089
0.00031
0.00110
0.00171
0.00208
0.00323
0.00369
0.00366
0.00385
0.00314
0.00211
0.00189
0.00174
0.00082
0.00024
0.00000
-0.00095
-0.00079
-0.00110
-0.00244
-0.00363
-0.00461
-0.00513
-0.00479
-0.00479
-0.00504
-0.00339
-0.00211
-0.00122
0.00101
0.00323
0.00446
0.00497
0.00537
0.00653
0.00757
0.00735
0.00699
0.00604
0.00418
0.00345
0.00180
0.00000
-0.00119
-0.00287
-0.00363
-0.00409
-0.00464
-0.00470
-0.00446
-0.00424
-0.00339
-0.00089
0.00034
0.00015
0.00113
0.00156
0.00259
0.00354
0.00360
0.00504
0.00641
0.00571
0.00540
0.00467
0.00333
0.00397
0.00394
0.00281
0.00159
0.00085
0.00073
0.00037
0.00040
0.00070
0.00128
0.00119
-0.00055
-0.00153
-0.00070
-0.00031
0.00000
-0.00015
-0.00037
0.00046
0.00037
0.00186
0.00391
0.00287
0.00351
0.00388
0.00409
0.00491
0.00430
0.00366
0.00348
0.00284
0.00159
0.00159
0.00156
0.00140
0.00082
0.00024
-0.00113
-0.00153
0.00049
0.00037
-0.00009
-0.00061
-0.00174
-0.00073
0.00003
0.00119
0.00238
0.00159
0.00146
0.00171
0.00159
0.00204
0.00150
0.00064
0.00092
0.00073
0.00046
0.00009
-0.00037
-0.00092
-0.00146
-0.00107
-0.00052
-0.00070
-0.00046
-0.00079
-0.00104
-0.00134
-0.00186
-0.00116
-0.00049
-0.00107
-0.00067
0.00034
0.00031
-0.00052
-0.00110
-0.00064
-0.00073
-0.00052
-0.00040
-0.00143
-0.00177
-0.00192
-0.00278
-0.00256
-0.00177
-0.00031
-0.00034
-0.00122
-0.00061
-0.00082
-0.00101
-0.00012
0.00067
0.00140
0.00125
0.00043
-0.00040
-0.00116
-0.00128
-0.00220
-0.00339
-0.00333
-0.00302
-0.00305
-0.00256
-0.00259
-0.00317
-0.00195
-0.00134
-0.00110
0.00027
0.00024
-0.00015
0.00082
0.00192
0.00201
0.00107
0.00012
-0.00006
0.00034
0.00012
-0.00006
-0.00018
-0.00076
-0.00082
-0.00070
-0.00055
-0.00104
-0.00122
-0.00052
-0.00003
0.00000
-0.00079
-0.00165
-0.00159
-0.00061
0.00027
0.00012
-0.00021
-0.00018
-0.00003
-0.00031
-0.00073
-0.00079
-0.00061
-0.00027
0.00006
0.00085
0.00131
0.00104
0.00006
-0.00027
0.00055
0.00113
0.00055
0.00000
0.00018
0.00073
0.00076
-0.00012
-0.00040
-0.00058
-0.00034
0.00015
-0.00006
-0.00015
-0.00018
-0.00018
-0.00052
-0.00165
-0.00244
-0.00305
-0.00275
-0.00195
-0.00226
-0.00162
-0.00116
-0.00217
-0.00229
-0.00110
-0.00034
0.00058
0.00125
0.00027
0.00000
0.00079
0.00104
0.00101
0.00064
0.00034
0.00024
0.00034
0.00015
-0.00015
-0.00055
-0.00116
-0.00174
-0.00229
-0.00253
-0.00235
-0.00259
-0.00284
-0.00275
-0.00247
-0.00201
-0.00223
-0.00159
-0.00116
-0.00137
-0.00085
-0.00015
-0.00009
-0.00043
0.00021
0.00116
0.00235
0.00256
0.00201
0.00192
0.00204
0.00180
0.00153
0.00162
0.00125
-0.00015
-0.00146
-0.00171
-0.00165
-0.00131
-0.00180
-0.00262
-0.00247
-0.00211
-0.00192
-0.00116
-0.00061
-0.00055
0.00037
0.00137
0.00183
0.00226
0.00244
0.00211
0.00214
0.00195
0.00162
0.00125
0.00101
0.00092
0.00076
0.00061
0.00092
0.00113
0.00070
0.00000
-0.00052
-0.00040
-0.00003
-0.00021
-0.00113
-0.00174
-0.00177
-0.00119
-0.00043
-0.00009
0.00082
0.00192
0.00156
0.00082
0.00134
0.00204
0.00247
0.00296
0.00232
0.00150
0.00119
0.00113
0.00137
0.00134
0.00079
0.00012
-0.00064
-0.00092
-0.00073
-0.00037
-0.00006
-0.00024
-0.00027
0.00000
0.00034
0.00046
0.00003
0.00046
0.00150
0.00192
0.00198
0.00153
0.00122
0.00113
0.00082
0.00027
0.00027
0.00027
0.00000
0.00009
-0.00031
-0.00055
-0.00052
-0.00043
-0.00006
-0.00034
-0.00040
0.00003
0.00061
0.00055
0.00006
0.00064
0.00137
0.00131
0.00101
0.00076
0.00101
0.00092
0.00034
0.00012
0.00003
-0.00015
-0.00043
-0.00049
-0.00043
-0.00006
-0.00031
-0.00046
-0.00003
-0.00006
-0.00003
-0.00024
-0.00034
0.00000
0.00009
0.00040
0.00098
0.00113
0.00119
0.00131
0.00128
0.00165
0.00174
0.00082
0.00034
0.00046
0.00021
-0.00024
-0.00055
-0.00067
-0.00104
-0.00125
-0.00089
-0.00061
-0.00015
0.00009
0.00006
0.00015
0.00119
0.00195
0.00165
0.00131
0.00122
0.00143
0.00137
0.00119
0.00070
0.00040
0.00073
0.00095
0.00076
0.00031
-0.00018
-0.00067
-0.00043
-0.00046
-0.00067
-0.00064
-0.00037
-0.00018
-0.00040
-0.00073
-0.00067
-0.00037
0.00009
0.00070
0.00040
-0.00037
-0.00046
0.00009
0.00095
0.00125
0.00122
0.00131
0.00122
0.00098
0.00113
0.00113
0.00107
0.00101
0.00092
0.00027
-0.00076
-0.00116
-0.00143
-0.00162
-0.00140
-0.00159
-0.00211
-0.00180
-0.00085
-0.00095
-0.00125
-0.00101
-0.00085
-0.00052
0.00018
0.00070
0.00098
0.00104
0.00058
0.00037
0.00064
0.00089
0.00128
0.00150
0.00061
-0.00009
-0.00058
-0.00089
-0.00067
-0.00092
-0.00122
-0.00143
-0.00177
-0.00156
-0.00101
-0.00092
-0.00125
-0.00140
-0.00098
-0.00070
-0.00076
-0.00064
0.00015
0.00055
0.00024
-0.00024
-0.00009
0.00046
0.00064
0.00027
-0.00015
-0.00015
-0.00037
-0.00064
-0.00082
-0.00131
-0.00113
-0.00116
-0.00150
-0.00134
-0.00143
-0.00137
-0.00073
-0.00064
-0.00046
-0.00058
-0.00076
-0.00018
0.00040
0.00037
-0.00015
-0.00043
-0.00061
-0.00082
-0.00046
-0.00012
-0.00034
-0.00037
-0.00027
-0.00058
-0.00073
-0.00101
-0.00110
-0.00055
-0.00021
-0.00043
-0.00061
-0.00055
-0.00037
-0.00058
-0.00095
-0.00085
-0.00107
-0.00098
-0.00082
-0.00110
-0.00064
-0.00049
-0.00046
-0.00003
0.00015
0.00037
0.00076
0.00156
0.00159
0.00073
0.00018
0.00040
0.00006
-0.00021
-0.00040
-0.00073
-0.00061
-0.00089
-0.00119
-0.00122
-0.00110
-0.00058
-0.00043
-0.00040
-0.00027
-0.00003
0.00015
-0.00009
-0.00006
0.00006
0.00009
0.00049
0.00107
0.00110
0.00119
0.00104
0.00098
0.00140
0.00131
0.00110
0.00095
0.00095
0.00085
0.00040
0.00034
0.00027
0.00009
-0.00015
-0.00061
-0.00079
-0.00110
-0.00079
-0.00040
-0.00024
0.00009
0.00024
0.00034
0.00076
0.00134
0.00183
0.00238
0.00244
0.00226
0.00220
0.00238
0.00269
0.00302
0.00235
0.00180
0.00153
0.00073
-0.00009
-0.00092
-0.00150
-0.00113
-0.00122
-0.00192
-0.00192
-0.00128
-0.00125
-0.00128
-0.00070
-0.00009
0.00015
0.00076
0.00143
0.00204
0.00238
0.00223
0.00211
0.00214
0.00250
0.00266
0.00226
0.00156
0.00076
0.00073
0.00076
0.00012
-0.00098
-0.00165
-0.00186
-0.00198
-0.00186
-0.00220
-0.00235
-0.00211
-0.00125
-0.00052
0.00015
0.00040
0.00046
0.00125
0.00217
0.00256
0.00299
0.00302
0.00275
0.00275
0.00192
0.00104
0.00107
0.00058
-0.00018
-0.00095
-0.00165
-0.00217
-0.00229
-0.00171
-0.00204
-0.00201
-0.00082
-0.00085
-0.00140
-0.00073
-0.00006
0.00018
0.00067
0.00110
0.00134
0.00198
0.00287
0.00256
0.00189
0.00128
0.00131
0.00143
0.00150
0.00107
0.00073
0.00052
0.00000
0.00012
-0.00031
-0.00076
-0.00122
-0.00113
-0.00125
-0.00229
-0.00232
-0.00229
-0.00229
-0.00104
-0.00061
-0.00049
0.00024
0.00085
0.00156
0.00192
0.00226
0.00235
0.00247
0.00305
0.00256
0.00189
0.00195
0.00140
0.00104
0.00104
0.00046
-0.00006
-0.00037
-0.00076
-0.00150
-0.00134
-0.00052
-0.00031
-0.00085
-0.00122
-0.00128
-0.00085
-0.00018
0.00000
0.00000
-0.00012
-0.00024
-0.00015
0.00037
0.00098
0.00095
0.00067
0.00082
0.00156
0.00156
0.00107
0.00143
0.00162
0.00119
0.00110
0.00104
0.00040
0.00018
-0.00009
-0.00061
-0.00012
-0.00043
-0.00098
-0.00101
-0.00174
-0.00177
-0.00140
-0.00174
-0.00201
-0.00189
-0.00128
-0.00092
-0.00089
-0.00082
-0.00070
-0.00040
-0.00021
-0.00006
0.00064
0.00076
0.00027
0.00076
0.00089
0.00055
0.00082
0.00095
0.00095
0.00076
0.00034
0.00015
-0.00024
-0.00095
-0.00204
-0.00299
-0.00305
-0.00323
-0.00284
-0.00235
-0.00305
-0.00345
-0.00333
-0.00287
-0.00174
-0.00092
-0.00037
0.00024
0.00058
0.00089
0.00113
0.00122
0.00183
0.00232
0.00140
0.00079
0.00009
-0.00092
-0.00162
-0.00177
-0.00165
-0.00186
-0.00235
-0.00241
-0.00244
-0.00244
-0.00211
-0.00192
-0.00156
-0.00146
-0.00159
-0.00113
-0.00043
-0.00055
-0.00046
0.00018
0.00034
0.00021
0.00000
0.00064
0.00055
-0.00003
-0.00021
-0.00031
0.00006
0.00043
0.00061
0.00003
-0.00040
-0.00073
-0.00119
-0.00153
-0.00143
-0.00061
-0.00095
-0.00168
-0.00156
-0.00079
-0.00031
0.00040
0.00079
0.00064
0.00079
0.00101
0.00082
0.00055
0.00089
0.00101
0.00101
0.00122
0.00137
0.00125
0.00122
0.00171
0.00159
0.00046
0.00021
0.00031
0.00006
-0.00003
-0.00098
-0.00119
-0.00040
-0.00024
-0.00021
-0.00012
-0.00031
-0.00073
-0.00064
0.00031
0.00095
0.00125
0.00131
0.00168
0.00198
0.00140
0.00107
0.00104
0.00073
0.00095
0.00116
0.00098
0.00076
0.00079
0.00037
-0.00021
-0.00101
-0.00140
-0.00134
-0.00177
-0.00217
-0.00284
-0.00317
-0.00229
-0.00162
-0.00073
0.00058
0.00034
0.00046
0.00101
0.00107
0.00162
0.00208
0.00211
0.00214
0.00186
0.00119
0.00098
0.00095
0.00055
0.00009
0.00006
-0.00049
-0.00064
-0.00058
-0.00116
-0.00192
-0.00256
-0.00293
-0.00281
-0.00266
-0.00290
-0.00229
-0.00134
-0.00079
0.00031
0.00168
0.00256
0.00293
0.00317
0.00369
0.00443
0.00452
0.00421
0.00385
0.00269
0.00220
0.00146
0.00018
-0.00052
-0.00153
-0.00217
-0.00238
-0.00272
-0.00281
-0.00275
-0.00256
-0.00232
-0.00095
0.00031
0.00021
0.00055
0.00089
0.00137
0.00220
0.00223
0.00281
0.00388
0.00369
0.00333
0.00314
0.00217
0.00232
0.00259
0.00201
0.00122
0.00067
0.00049
0.00024
0.00024
0.00040
0.00067
0.00095
0.00006
-0.00089
-0.00052
-0.00021
-0.00003
-0.00003
-0.00024
0.00018
0.00031
0.00067
0.00238
0.00204
0.00204
0.00259
0.00247
0.00314
0.00293
0.00250
0.00232
0.00208
0.00122
0.00098
0.00113
0.00098
0.00067
0.00031
-0.00043
-0.00110
-0.00003
0.00043
0.00000
-0.00015
-0.00104
-0.00067
0.00000
0.00055
0.00156
0.00125
0.00089
0.00116
0.00101
0.00131
0.00125
0.00046
0.00055
0.00055
0.00037
0.00018
-0.00012
-0.00043
-0.00092
-0.00085
-0.00031
-0.00037
-0.00031
-0.00040
-0.00064
-0.00079
-0.00128
-0.00104
-0.00034
-0.00064
-0.00058
0.00012
0.00031
-0.00015
-0.00073
-0.00052
-0.00043
-0.00049
-0.00024
-0.00082
-0.00128
-0.00125
-0.00183
-0.00198
-0.00150
-0.00046
0.00000
-0.00079
-0.00055
-0.00034
-0.00073
-0.00024
0.00034
0.00089
0.00104
0.00052
-0.00009
-0.00073
-0.00095
-0.00137
-0.00238
-0.00250
-0.00226
-0.00229
-0.00204
-0.00177
-0.00235
-0.00174
-0.00101
-0.00095
0.00000
0.00031
-0.00009
0.00037
0.00128
0.00165
0.00107
0.00024
-0.00003
0.00015
0.00018
-0.00003
-0.00006
-0.00046
-0.00064
-0.00055
-0.00043
-0.00064
-0.00098
-0.00055
-0.00009
0.00003
-0.00037
-0.00113
-0.00131
-0.00070
0.00009
0.00018
-0.00015
-0.00021
-0.00003
-0.00015
-0.00043
-0.00064
-0.00049
-0.00027
-0.00003
0.00052
0.00101
0.00095
0.00027
-0.00021
0.00021
0.00085
0.00064
0.00006
0.00000
0.00043
0.00070
0.00003
-0.00034
-0.00040
-0.00043
0.00003
0.00000
-0.00012
-0.00018
-0.00018
-0.00031
-0.00113
-0.00183
-0.00235
-0.00244
-0.00168
-0.00180
-0.00156
-0.00092
-0.00153
-0.00204
-0.00116
-0.00040
0.00021
0.00101
0.00049
-0.00006
0.00049
0.00082
0.00085
0.00061
0.00031
0.00018
0.00024
0.00018
-0.00009
-0.00037
-0.00085
-0.00134
-0.00177
-0.00214
-0.00201
-0.00204
-0.00241
-0.00232
-0.00223
-0.00177
-0.00186
-0.00156
-0.00095
-0.00116
-0.00089
-0.00024
-0.00003
-0.00037
-0.00006
0.00076
0.00171
0.00226
0.00183
0.00162
0.00177
0.00168
0.00131
0.00131
0.00128
0.00024
-0.00107
-0.00146
-0.00150
-0.00128
-0.00137
-0.00217
-0.00232
-0.00192
-0.00174
-0.00125
-0.00055
-0.00049
0.00003
0.00101
0.00153
0.00189
0.00220
0.00189
0.00186
0.00183
0.00153
0.00119
0.00095
0.00082
0.00073
0.00055
0.00070
0.00101
0.00079
0.00015
-0.00040
-0.00046
-0.00006
-0.00006
-0.00079
-0.00146
-0.00165
-0.00131
-0.00058
-0.00018
0.00043
0.00159
0.00165
0.00082
0.00104
0.00177
0.00211
0.00266
0.00241
0.00156
0.00113
0.00098
0.00122
0.00134
0.00092
0.00027
-0.00043
-0.00085
-0.00079
-0.00046
-0.00009
-0.00018
-0.00031
-0.00009
0.00024
0.00049
0.00012
0.00021
0.00116
0.00177
0.00192
0.00162
0.00122
0.00110
0.00095
0.00043
0.00021
0.00027
0.00006
0.00006
-0.00015
-0.00052
-0.00043
-0.00046
-0.00012
-0.00015
-0.00037
-0.00009
0.00037
0.00049
0.00009
0.00024
0.00092
0.00092
0.00067
0.00049
0.00055
0.00058
0.00027
0.00006
0.00003
-0.00003
-0.00018
-0.00018
-0.00021
-0.00006
-0.00003
-0.00015
-0.00003
0.00000
-0.00003
-0.00003
-0.00006
0.00000
0.00000
0.00003
0.00009
0.00009
0.00006
0.00006
0.00003
