sample-data.txt   1 channel (mono)
Sample Rate: 22050 Hz. Sample values on linear scale.
Length processed: 1078 samples 0.04889 seconds.


-0.00458
0.01482
-0.00084
0.01102
-0.00374
-0.01674
0.01645
-0.01612
0.00620
0.00223
-0.00577
0.00842
-0.00290
-0.01858
-0.01481
-0.00052
0.01333
0.01899
0.01406
0.02204
0.01297
0.01921
0.01018
0.00946
-0.00744
0.00533
-0.00522
-0.00623
0.04106
-0.02150
0.01369
0.01924
-0.01365
0.02505
0.01203
0.00562
-0.00556
0.00191
0.01163
0.00209
-0.01421
0.00808
-0.00584
-0.02779
0.00304
-0.02271
-0.02619
-0.01312
-0.01378
0.00038
0.00688
-0.00301
-0.01215
-0.00043
-0.00622
-0.01415
-0.00089
0.00831
-0.00572
-0.01641
-0.01524
-0.03290
-0.01985
-0.00155
-0.01176
-0.00587
-0.10809
-0.31378
-0.38865
-0.39511
-0.42122
-0.41975
-0.43418
-0.41723
-0.42693
-0.43722
-0.42201
-0.42534
-0.47824
-0.51643
-0.47646
-0.57245
-0.59281
-0.48048
-0.38688
-0.34479
-0.14526
0.12776
0.01624
-0.11336
-0.10328
0.09691
0.26627
0.15615
0.08787
0.27207
0.54699
0.66511
0.61454
0.34833
0.46987
0.65650
0.48383
0.43379
0.46179
0.50771
0.50196
0.58877
0.70149
0.71661
0.56046
0.32338
0.42682
0.82892
0.87502
0.60899
0.69031
0.89894
0.64342
0.17992
0.38845
0.50664
0.20390
0.09847
0.30240
0.68754
0.52701
0.29324
0.18592
0.09267
0.05918
0.13854
0.27874
0.02102
0.08429
0.12066
-0.18086
-0.02868
0.23274
0.06662
-0.16590
-0.11741
-0.16455
-0.21310
-0.23448
-0.24489
-0.20352
-0.37273
-0.30311
-0.02028
0.05362
-0.31629
-0.51763
-0.21662
-0.37349
-0.21937
0.02629
-0.38574
-0.55380
-0.61956
-0.36339
0.01080
-0.13861
-0.03700
0.13556
-0.43289
-0.67406
-0.58299
-0.56012
-0.06396
-0.10761
-0.40476
-0.50125
-0.45310
-0.00103
0.01476
-0.40395
-0.70204
-0.60398
-0.14495
0.29050
-0.00857
-0.67276
-0.63054
-0.33389
-0.29063
-0.42694
-0.45960
-0.30794
-0.48937
-0.58836
0.01986
0.25550
-0.38951
-0.82854
-0.63978
-0.33395
-0.15497
-0.00512
0.06403
0.06404
-0.27248
-0.74834
-0.66181
-0.31241
-0.09896
0.03440
0.15906
0.24228
-0.07425
-0.53697
-0.46243
0.02929
0.17858
-0.11969
-0.15908
-0.02151
0.29383
0.50433
0.24080
0.22085
0.14963
0.21539
0.42955
0.19961
0.14459
0.13929
0.03487
0.18110
0.50392
0.68005
0.73957
0.58425
0.43532
0.74507
0.73490
0.45628
0.27725
0.23407
0.27242
0.34623
0.59779
0.49471
0.43095
0.45306
0.41158
0.30174
0.21693
0.64815
0.74918
0.66765
0.52751
0.26499
0.12586
0.07169
0.29749
0.19280
0.28961
0.27154
0.12554
0.38027
0.19443
0.10007
0.05776
0.06930
0.05361
-0.00788
0.04930
-0.11738
0.14822
0.23684
-0.06086
-0.20751
-0.23100
-0.23825
-0.25961
-0.04005
-0.08842
-0.27838
-0.35561
-0.37549
-0.00774
0.25724
-0.17743
-0.53210
-0.38115
-0.28955
-0.24206
-0.14356
0.08336
0.07552
-0.28205
-0.54531
-0.56900
-0.46584
-0.45476
-0.33072
-0.30775
-0.32935
-0.22569
-0.23075
-0.17217
-0.03381
-0.00458
-0.24151
-0.47185
-0.62389
-0.61244
-0.38608
-0.15993
0.13360
-0.12536
-0.42572
-0.20046
-0.30004
-0.38116
-0.28913
-0.26006
-0.27014
-0.33268
-0.34559
-0.26375
0.00372
-0.15338
-0.33701
-0.15664
-0.25148
-0.29762
-0.06484
-0.12207
-0.33032
0.06122
0.13113
-0.21523
-0.29793
-0.31320
0.14195
0.28691
0.03367
0.06073
0.02195
-0.06213
-0.08395
-0.01208
0.08598
0.17823
0.18717
0.11546
0.13382
0.12925
0.08408
0.19191
0.34701
0.38833
0.35946
0.36648
0.38894
0.39066
0.36787
0.29614
0.36046
0.38600
0.57465
0.70522
0.27913
0.02664
0.19169
0.39813
0.40221
0.38032
0.43951
0.64331
0.62635
0.29094
0.35451
0.39841
0.36533
0.54220
0.49283
0.28301
0.31603
0.28501
0.11161
0.23268
0.51099
0.50481
0.24515
0.14506
0.07619
0.18501
0.20212
0.07228
0.08189
0.18511
0.38662
0.08404
-0.14210
-0.14114
-0.16098
-0.07832
-0.05495
0.09175
0.14723
0.10607
-0.17200
-0.39443
-0.31996
-0.15144
0.01869
-0.15810
-0.38247
-0.35659
-0.26512
-0.19547
-0.26120
-0.35653
-0.27145
-0.28577
-0.32396
-0.23196
-0.27529
-0.37541
-0.31430
-0.37004
-0.41015
-0.17036
-0.19465
-0.33645
-0.39660
-0.38310
-0.39172
-0.40581
-0.23172
-0.19906
-0.18393
-0.23530
-0.38361
-0.39355
-0.33015
-0.37780
-0.27410
-0.08418
-0.21483
-0.21844
-0.12035
-0.19048
-0.36804
-0.40818
-0.31124
-0.18109
-0.00744
-0.03309
-0.14552
-0.16435
-0.10262
-0.22339
-0.26504
-0.10269
-0.11294
-0.10624
0.00021
0.01466
-0.04054
-0.04658
-0.10837
-0.07194
0.00649
-0.01136
0.02084
0.08325
0.10360
-0.02089
-0.00653
0.07239
0.04225
0.11464
0.15971
0.08750
0.08802
0.14792
0.11327
0.13721
0.18713
0.13352
0.09307
0.13453
0.22822
0.26511
0.17662
0.10752
0.12738
0.19407
0.27274
0.24407
0.18497
0.12722
0.11048
0.11983
0.15029
0.18011
0.17554
0.25521
0.16426
0.06913
0.13579
0.13996
0.08977
0.05929
0.09552
0.08915
0.11787
0.14143
0.05756
0.00632
0.04146
0.04697
0.03320
0.06927
0.04241
-0.00522
0.01670
0.04001
-0.00549
0.00758
0.00694
-0.05350
-0.03497
-0.00533
0.01417
-0.01741
-0.04372
-0.02248
0.00695
-0.00254
-0.02557
-0.00005
-0.01114
-0.02945
-0.03263
-0.01672
0.01167
0.00926
-0.00056
0.00249
-0.00187
-0.00978
0.00604
0.01713
0.00190
-0.01429
-0.00955
0.00553
0.02014
0.01366
0.00599
0.00846
0.01732
0.03130
0.02974
0.01552
-0.00891
0.00126
0.03222
0.02810
0.01898
0.04021
0.03544
0.01402
0.03487
0.01640
-0.02710
-0.00624
0.02653
0.02590
0.02743
0.03589
0.03305
0.00239
-0.02517
-0.02563
0.00186
0.00332
-0.02018
0.00480
0.02359
0.02334
0.01414
0.00484
-0.02104
-0.02015
-0.01719
-0.03657
-0.02934
-0.04155
-0.01939
0.02253
0.02108
-0.01402
-0.06114
-0.06400
-0.02484
-0.03363
-0.10281
-0.12611
-0.00458
0.05580
0.01259
-0.01985
-0.05348
-0.05886
-0.02787
0.02912
-0.01945
-0.08963
-0.10168
-0.09491
-0.06174
0.00098
-0.01568
-0.06506
-0.05053
0.00749
0.05095
0.02633
0.00015
-0.04743
-0.06866
-0.05958
-0.02861
-0.03274
0.03120
0.06889
0.02725
0.01406
-0.03706
-0.02717
0.00165
-0.01738
-0.00751
0.05344
0.05554
0.07929
0.08392
0.05311
0.05848
0.03488
-0.02195
-0.00151
0.01404
0.04749
0.12846
0.07188
0.06159
0.04492
-0.01441
-0.05366
-0.03792
0.00473
0.08011
0.13077
0.07370
-0.00415
-0.01674
0.10109
0.10741
0.00826
-0.05371
-0.06889
-0.06645
0.01559
0.03801
-0.02898
-0.07597
-0.08378
-0.04382
0.03991
0.15731
0.02668
-0.13559
-0.09916
0.01362
-0.02067
-0.15433
-0.16641
-0.10601
-0.00032
0.02285
-0.07304
-0.10245
-0.11517
-0.14461
-0.08584
-0.12936
-0.15307
-0.10006
-0.09903
-0.08020
-0.05668
-0.08557
-0.06319
0.01551
-0.06383
-0.19695
-0.23984
-0.19613
-0.17573
-0.14550
-0.04005
0.04021
0.00905
-0.13218
-0.16734
-0.08051
-0.08341
-0.15287
-0.10603
-0.01191
-0.04482
-0.02344
0.03919
-0.03888
-0.08025
-0.08401
-0.09720
-0.05878
0.04270
0.05052
0.02009
0.06110
0.05865
0.04872
-0.01864
-0.00109
0.05942
0.07280
0.08184
0.08595
0.09180
0.08277
0.10743
0.13029
0.15850
0.08551
0.08877
0.13886
0.19082
0.25942
0.15876
0.12016
0.11511
0.12035
0.19929
0.21257
0.16680
0.15639
0.14722
0.13173
0.17687
0.23651
0.19694
0.22152
0.23532
0.08598
0.08547
0.16779
0.27211
0.25605
0.11467
0.07120
0.08858
0.11749
0.09866
0.12660
0.14632
0.11169
0.06599
0.04575
0.11679
0.18302
0.12444
0.04231
0.01664
0.00651
0.02079
0.02603
0.00805
0.01033
0.00743
-0.02576
-0.03235
0.03905
0.05040
-0.06116
-0.05379
-0.07791
-0.10201
-0.03300
-0.06069
-0.07543
-0.08833
-0.09825
-0.10612
-0.13240
-0.17475
-0.12478
-0.01865
-0.04406
-0.12689
-0.16439
-0.15169
-0.15878
-0.15322
-0.14876
-0.14581
-0.16361
-0.18212
-0.16044
-0.09615
-0.05431
-0.14612
-0.19459
-0.21858
-0.19095
-0.11287
-0.13017
-0.11040
-0.10149
-0.16580
-0.16973
-0.13111
-0.13576
-0.13856
-0.12875
-0.11616
-0.12261
-0.11186
-0.08441
-0.09541
-0.10101
-0.09780
-0.08939
-0.07192
-0.05866
-0.08152
-0.06311
-0.02977
-0.03168
-0.05787
-0.06855
-0.03295
-0.00827
0.04690
0.02971
-0.03120
-0.03527
0.03734
0.06021
0.01116
0.02638
0.01053
0.05439
0.09847
0.06840
0.05883
0.05587
0.06069
0.09957
0.11297
0.07734
0.09977
0.12591
0.12548
0.10768
0.10817
0.13654
0.13351
0.12365
0.12498
0.13445
0.13584
0.11960
0.10979
0.12225
0.19286
0.23496
0.14910
0.11050
0.12861
0.12055
0.11079
0.09966
0.14085
0.18992
0.16968
0.13316
0.11042
0.10972
0.11356
0.10449
0.10977
0.09805
0.10207
0.09636
0.06640
0.05112
0.06856
0.08651
0.11744
0.14093
0.06432
0.00821
-0.01148
0.01084
0.04664
0.00217
-0.00120
0.03498
0.01574
0.00033
-0.01223
-0.04207
-0.06442
-0.02840
0.01088
-0.03212
-0.05959
-0.06436
-0.08942
-0.10454
-0.04871
-0.04062
-0.07749
-0.07515
-0.10076
-0.10779
-0.11543
-0.14422
-0.12869
-0.07297
-0.05654
-0.06689
-0.13032
-0.17018
-0.11189
-0.10803
-0.16141
-0.16848
-0.11409
-0.10604
-0.09164
-0.05974
-0.12486
-0.15008
-0.14298
-0.15192
-0.13155
-0.11113
-0.09958
-0.11109
-0.10076
-0.08984
-0.09855
-0.11496
-0.10490
-0.07767
-0.06184
-0.05125
-0.07535
-0.08296
-0.07632
-0.08033
-0.08392
-0.04984
-0.00290
-0.01325
-0.04906
-0.03891
-0.01768
-0.01778
-0.02058
-0.02847
-0.00008
0.02628
0.02051
-0.00317
-0.00885
-0.00071
0.04015
0.10796
0.09196
0.04799
0.03651
0.03889
0.04610
0.06410
0.07741
0.06995
0.07267
0.08522
0.08471
0.07696
0.10630
0.11883
0.10147
0.10147
0.09825
0.10315
0.09740
0.10196
0.13122
0.12951
0.11471
0.10883
0.10754
0.09399
0.08153
0.09804
0.12349
0.17788
0.17778
0.09932
0.06738
0.08177
0.08423
0.07549
0.09008
0.10596
0.11816
0.10454
0.07201
0.06994
0.07325
0.05875
0.05796
0.07435
0.06678
0.05706
0.04814
0.03407
0.02502
0.02244
0.02063
0.01048
0.02442
0.04027
0.01020
-0.00776
-0.01623
-0.04226
-0.01756
0.01300
-0.00992
-0.03709
-0.04777
-0.05609
-0.06170
-0.05000
-0.05891
-0.06462
-0.04994
-0.06972
-0.07336
-0.05935
-0.06939
-0.09662
-0.08798
-0.07855
-0.09038
-0.10016
-0.10060
-0.08580
-0.10018
-0.10205
-0.10465
-0.10835
-0.10159
-0.08411
-0.08626
