sample-data.txt   1 channel (mono)
Sample Rate: 22050 Hz. Sample values on linear scale.
Length processed: 1619 samples 0.07342 seconds.


0.00235
0.01051
-0.01644
-0.01657
-0.00437
-0.01512
0.00723
0.02233
-0.01225
-0.00088
0.01743
-0.03202
-0.01290
-0.00188
0.00546
0.03192
0.00747
-0.02164
-0.02054
-0.01690
0.01497
-0.00814
-0.00437
0.02385
-0.01933
-0.01783
-0.02549
-0.02465
0.02505
0.01975
-0.00963
-0.03280
-0.03168
0.02470
0.01931
0.00163
-0.08532
-0.14012
-0.16375
-0.20947
-0.22236
-0.27581
-0.31103
-0.30882
-0.30931
-0.32015
-0.28537
-0.27669
-0.24052
-0.25080
-0.22592
-0.18727
-0.16172
-0.09580
-0.07076
-0.05561
-0.01270
0.03165
0.01562
0.03615
0.01831
0.01552
-0.13945
-0.09907
0.01742
-0.22488
-0.31290
-0.35153
-0.22327
-0.05308
-0.31370
-0.32857
-0.18513
-0.16483
-0.10808
-0.30498
-0.07601
0.25966
0.08470
-0.23897
-0.23603
0.05760
0.19977
0.48033
0.27102
-0.12736
-0.02040
-0.07361
0.13660
0.55947
0.37135
-0.00918
-0.17671
-0.24611
0.09303
0.29847
0.07204
0.30988
0.22662
-0.08536
-0.18092
0.20392
0.29553
-0.35689
0.10982
0.11812
-0.14292
0.13778
0.00086
-0.10954
0.02783
0.06372
0.38238
0.14138
-0.56074
0.00979
0.13450
0.32241
0.45799
0.41744
0.01441
-0.18193
0.79010
0.34797
-0.05411
0.36530
0.28529
0.24856
0.51164
0.23305
0.28796
0.74556
0.52614
0.23682
0.54614
0.56309
0.43455
0.62319
0.19495
0.20646
0.46753
0.73999
0.63004
0.06240
0.20216
0.55299
0.31105
0.61099
0.33302
-0.01235
0.64279
0.02350
0.30405
0.62172
0.33587
0.10983
-0.32409
0.17434
0.60548
0.29193
-0.33568
-0.19102
0.08194
0.09723
0.01032
-0.13396
-0.15743
-0.05901
0.09779
-0.14934
-0.42782
-0.24519
0.08079
0.28652
-0.13838
-0.57966
-0.29497
-0.21613
-0.38936
-0.02646
0.11443
-0.34525
-0.11874
-0.37582
-0.07232
0.17235
-0.39071
-0.00714
-0.16273
-0.00199
0.24136
-0.13807
-0.29636
-0.38439
-0.19985
0.32077
0.13007
-0.12346
0.17941
0.26256
0.20097
-0.08907
-0.15105
0.00534
-0.05594
0.19594
0.52023
0.11359
0.12054
0.22647
0.21380
0.23451
-0.12236
-0.25301
0.27286
0.31916
0.05667
0.40981
-0.15194
0.04500
0.31494
-0.05112
0.07459
-0.02989
0.04784
0.07093
0.01612
-0.23667
-0.04696
0.24272
-0.13642
-0.02229
-0.06478
-0.45665
0.11788
0.48568
0.16553
-0.54495
-0.42710
0.04066
-0.15277
0.07814
-0.32810
-0.28200
0.21375
-0.08450
-0.16752
-0.08521
-0.15357
-0.06300
-0.08782
-0.11776
-0.21142
-0.30466
-0.23516
0.00594
0.15059
-0.25780
-0.01098
-0.27694
-0.00898
0.46422
-0.31375
-0.27458
-0.01236
0.10545
0.17201
0.47483
0.06823
-0.39184
-0.10162
-0.15006
-0.18899
-0.08538
0.28060
0.12100
0.11579
0.15979
-0.27538
-0.21180
0.25098
0.33829
-0.23753
0.06359
0.05409
-0.26181
0.02415
0.09346
0.40185
-0.04662
-0.22324
-0.16523
-0.17992
0.23930
0.20685
0.04887
0.16764
0.09540
-0.37426
-0.12861
0.12491
0.48337
-0.14991
-0.82191
0.16896
0.31563
0.15733
-0.27863
-0.67659
-0.29245
0.22488
0.22164
-0.19931
-0.25193
0.05051
0.59841
0.13382
-0.47857
-0.21166
-0.12087
-0.26501
-0.15748
-0.03241
0.19248
0.14262
-0.42585
0.12574
0.34312
-0.28525
-0.05216
0.03344
-0.38040
-0.15800
0.42429
-0.20196
-0.50143
0.24125
0.27667
-0.03249
-0.35769
-0.17993
0.31306
-0.01777
-0.16643
0.15891
-0.00422
-0.23006
0.08390
0.12341
-0.02890
0.22364
-0.10125
0.03747
0.08468
-0.30891
0.13018
-0.04277
-0.08269
-0.03530
0.21605
0.20088
-0.17526
0.45985
-0.32479
-0.42136
0.27742
-0.22361
-0.00113
0.09014
0.13184
-0.12775
-0.25000
0.50691
0.52744
0.03845
-0.35924
-0.30876
-0.08371
-0.01545
0.07885
0.01749
0.03566
-0.27086
-0.14207
0.51356
0.09003
-0.28373
-0.13352
0.00172
0.13844
-0.11237
0.01299
0.20266
-0.14202
-0.29968
-0.13306
0.26782
0.24691
-0.24531
-0.20014
0.16561
0.48111
-0.02994
-0.38779
0.28901
-0.04154
-0.41423
-0.03156
0.57542
0.46847
-0.64963
-0.40194
0.21365
0.26721
0.05401
-0.29087
0.12443
0.07791
-0.21884
0.02943
-0.01914
0.05211
0.31522
-0.08327
-0.29630
0.07510
0.14345
-0.12050
-0.11328
0.09743
0.04561
0.03440
0.03133
0.10135
-0.10762
-0.38126
0.03075
0.16064
-0.02552
-0.12915
0.06447
0.15437
-0.35013
-0.12119
0.38368
0.14009
-0.11354
-0.30326
-0.15165
0.37925
0.23846
-0.23695
-0.19805
0.00845
-0.04928
0.03849
0.18077
0.03077
0.10413
-0.03968
-0.12844
0.24917
0.01647
-0.14864
-0.08237
-0.16849
0.15221
0.05271
0.02338
0.05659
-0.26943
0.13255
0.23426
0.13656
-0.02147
-0.52582
-0.13667
0.35904
0.32543
-0.08147
-0.38724
-0.11190
0.27375
0.21942
-0.29267
-0.01283
0.27492
-0.28041
-0.16483
0.16176
0.13224
-0.00727
-0.27486
-0.04177
0.12327
-0.00354
0.02225
0.05103
0.00418
-0.26087
-0.03830
0.33081
-0.05486
-0.22711
0.09761
0.16783
-0.12869
-0.24409
0.08328
0.24568
0.15782
-0.24112
-0.35855
0.19780
0.10967
0.17520
0.23195
-0.45032
-0.18761
0.21433
0.10372
0.05207
-0.11725
0.02920
0.10655
-0.14681
-0.15511
0.27662
0.33511
-0.32233
-0.26595
0.11683
0.15173
0.13151
-0.13232
0.06677
0.02586
-0.15306
0.16127
-0.03237
-0.03593
-0.02329
-0.11611
0.26546
-0.10155
-0.21454
0.33907
0.10076
-0.30565
-0.23295
0.22918
0.23587
-0.05233
-0.14087
-0.08386
0.17523
-0.06616
-0.00760
0.14573
-0.22895
0.02404
0.22394
-0.08350
-0.10281
-0.14004
0.16515
0.20175
-0.16835
0.07799
0.02137
-0.08956
-0.18765
0.05354
0.36107
-0.04012
-0.34862
-0.24082
0.18899
0.10983
0.07374
0.08606
-0.08252
0.05714
0.04501
-0.02919
0.07390
-0.27149
-0.16544
0.45887
-0.09803
-0.19494
0.01580
-0.19852
0.23373
0.25879
-0.11036
-0.02111
-0.12150
-0.22240
0.15268
0.15874
-0.03182
-0.02188
-0.08867
0.20021
0.31422
-0.20774
-0.26635
-0.10813
0.04427
0.18977
-0.04934
-0.03742
-0.26155
-0.31098
0.40449
0.25993
0.05762
0.12916
-0.29366
-0.26404
-0.10373
0.14634
0.38082
-0.00883
-0.20324
-0.00845
0.03427
-0.03312
0.00456
0.25608
-0.07940
-0.16489
-0.16023
-0.34284
0.07704
0.08930
0.26105
0.15802
-0.05874
-0.04266
-0.05152
0.14450
0.08719
-0.09169
-0.17167
-0.06050
-0.16864
0.00159
0.11785
-0.02973
-0.01769
0.01983
-0.12220
0.09131
0.27592
-0.25750
0.00280
-0.05143
-0.07409
0.30468
-0.21110
-0.20083
0.25446
0.03748
-0.30413
0.04781
0.23005
0.05015
-0.02200
0.06763
-0.29982
-0.47456
0.24661
0.32556
0.02835
0.05091
-0.05179
-0.24377
0.00958
0.05891
0.03956
-0.08461
-0.32723
0.07787
0.14254
0.07450
0.14528
-0.04265
-0.25087
-0.16859
0.15216
0.07939
-0.03307
0.09106
-0.03827
0.07809
0.23433
-0.15435
-0.19862
0.02149
-0.20914
-0.04351
-0.00945
0.00600
0.28679
-0.17043
0.02197
0.11207
-0.10561
0.12939
0.03860
-0.22357
-0.25779
0.11009
0.19181
0.13128
-0.03257
-0.25326
-0.09871
0.24039
0.08558
-0.21606
-0.03748
0.09335
-0.07300
-0.10176
-0.10852
-0.02028
0.23509
-0.05037
0.00019
0.04232
-0.00910
-0.05687
-0.20812
0.02708
0.28935
0.24178
-0.17411
-0.26382
-0.14396
0.09568
-0.06396
0.04162
0.06178
-0.18353
-0.02883
0.08154
0.16130
-0.01778
0.03367
-0.09574
-0.03043
0.17155
-0.12056
-0.20513
-0.05338
-0.03776
0.27317
-0.02505
-0.13945
-0.00825
-0.33804
0.27797
0.36826
0.03238
-0.22700
-0.29267
-0.05105
0.10122
0.01792
0.05887
0.11954
-0.18943
-0.20172
0.17399
0.35446
-0.31838
-0.24669
0.18779
0.10246
-0.03443
-0.20769
0.00099
0.17681
-0.07589
0.02754
0.04518
-0.19964
0.04441
-0.02550
0.13360
-0.07570
-0.23233
0.34824
0.07159
-0.13165
-0.12000
-0.13922
0.14347
0.05662
-0.11789
0.08815
0.09884
-0.29107
-0.17796
0.07379
0.06000
0.05537
0.19921
-0.02239
-0.01783
0.11246
-0.45982
-0.05174
0.09441
0.01522
0.09932
-0.25341
-0.03698
0.26473
0.18545
-0.25584
-0.15769
0.11089
0.04822
-0.12421
-0.08689
0.14600
0.10697
-0.10098
-0.15405
-0.09594
-0.16831
0.21269
0.49358
0.04168
-0.45929
-0.29937
0.07827
0.12086
0.08113
0.10195
0.14335
-0.04067
-0.27555
-0.16268
0.05287
-0.11473
0.13671
0.24461
-0.05759
-0.06294
-0.16396
0.05703
0.01989
0.02655
-0.05579
-0.22951
-0.04805
0.09987
0.13013
-0.13977
0.07478
0.14551
0.02425
-0.06776
-0.04389
-0.00109
-0.10858
-0.05599
-0.03418
0.08596
-0.00048
0.00988
0.02705
-0.14156
-0.09942
0.06909
0.00755
-0.07954
-0.10637
0.17300
0.07605
-0.22571
0.11036
0.07019
-0.04225
-0.04595
0.00230
-0.07655
0.03463
0.10543
-0.20140
0.01218
0.14080
-0.07135
-0.09326
0.02630
-0.08133
-0.02425
0.10609
-0.10232
-0.08800
0.03583
0.15321
0.12899
-0.21329
-0.05894
0.13082
-0.01759
-0.05518
-0.10483
-0.09012
0.02999
0.06911
0.03172
-0.09791
-0.01141
0.19033
-0.18227
-0.18797
-0.04457
-0.02672
0.06732
0.15876
0.11047
-0.02040
-0.05385
-0.23916
0.03008
0.10818
0.15381
-0.07351
-0.20608
0.03233
-0.08210
0.11212
0.10985
-0.16950
-0.11015
0.11737
0.14588
-0.08911
-0.13985
-0.05823
-0.10133
0.05366
0.00353
0.12493
0.17765
-0.02076
-0.24270
-0.17970
0.20199
0.20012
-0.13755
-0.42028
0.01356
0.19372
0.02719
-0.05230
0.05491
0.10206
-0.04775
-0.12995
0.00446
0.02124
-0.06889
-0.00215
-0.15025
0.06060
0.17185
0.01259
-0.14487
0.02340
0.11388
0.14072
-0.15330
-0.46687
0.08315
0.15396
0.12354
0.07977
-0.08402
-0.03506
-0.07064
0.00198
-0.10221
0.03370
-0.00482
-0.10484
0.26350
0.02578
-0.13054
-0.02112
0.10899
-0.26282
-0.24088
0.14790
0.00265
0.30942
0.00569
-0.20356
-0.02310
0.05893
0.02822
0.01563
0.06671
-0.19171
-0.08795
0.04713
-0.07672
0.02433
0.01103
-0.00058
0.17129
0.02148
-0.14613
-0.13897
0.04939
-0.04951
0.06791
0.10582
-0.01830
-0.13569
-0.16501
0.12981
0.03517
0.06669
-0.06349
-0.08915
-0.04069
0.11422
0.20774
-0.11214
-0.25138
-0.03739
0.11870
-0.07156
0.01697
0.08923
0.03907
0.02043
-0.09102
-0.06294
0.05149
0.03870
-0.01444
-0.01437
0.05307
-0.21503
-0.13754
0.18275
-0.00124
-0.05338
0.03930
0.07105
-0.10174
-0.08861
0.09734
-0.02638
0.06607
0.06032
-0.11956
0.11515
-0.03244
0.03120
-0.01633
-0.24790
0.01705
0.14803
-0.03020
-0.11995
0.00169
-0.16047
0.11556
0.15911
0.00961
-0.09012
0.04130
0.07090
-0.21865
-0.03371
0.00263
0.15063
0.15930
-0.07878
-0.12031
-0.04571
-0.19661
-0.03342
0.08903
0.06053
0.03151
0.08819
0.04619
-0.22059
-0.04601
0.06496
0.11159
-0.10450
0.10611
-0.03465
-0.23980
0.14042
0.05340
-0.05629
0.03705
0.13347
-0.06563
-0.18543
-0.18900
0.07828
0.21486
-0.02195
-0.00463
-0.01547
-0.04425
0.11964
-0.04388
-0.09562
-0.04147
-0.06550
0.07980
-0.02957
0.03037
0.08065
-0.14435
0.05572
0.20042
-0.20746
-0.15880
0.17648
0.00770
-0.14419
0.11851
-0.06819
-0.06619
0.11711
-0.09040
-0.04889
0.04840
0.15807
0.00165
-0.07018
-0.16480
0.03281
0.06462
-0.05092
0.06364
-0.16951
0.02938
-0.00600
-0.21564
0.10603
0.22926
0.04607
-0.07439
-0.19282
-0.02856
-0.00394
-0.08847
0.17017
0.26548
-0.06420
-0.28296
-0.06279
0.10879
0.07750
-0.01937
0.00447
-0.13768
-0.04144
0.10331
-0.00946
0.05244
0.08570
-0.01452
-0.19093
-0.20938
0.06921
0.14951
-0.00407
-0.00704
-0.18115
0.03053
0.19500
-0.07169
-0.01643
-0.04154
-0.01231
0.13761
-0.17616
-0.16187
0.09134
0.09765
0.17217
-0.10701
-0.05521
0.01029
-0.05257
0.06892
-0.03185
-0.02893
-0.04020
-0.00478
0.02246
-0.08505
0.03571
0.14551
-0.02684
0.06261
-0.10302
-0.13888
0.08049
-0.08479
-0.05326
0.04993
0.14134
-0.01978
-0.09156
-0.01437
-0.01267
0.05020
-0.06370
-0.00195
0.11163
-0.10162
-0.03545
0.08514
-0.07359
0.01014
-0.11884
-0.01826
0.09994
-0.01389
0.06373
0.03508
-0.04545
-0.11542
0.12723
0.02376
-0.08266
-0.01462
-0.03824
-0.08806
-0.04139
0.12247
-0.05788
0.07936
-0.01580
-0.00984
0.09582
-0.06933
0.02056
-0.00429
0.01641
-0.09000
-0.17607
0.02402
0.16738
0.06742
-0.00941
-0.09430
-0.03914
0.06244
-0.10755
-0.08277
0.15626
0.00402
-0.18483
0.06248
0.10162
-0.02503
-0.07055
0.00599
0.08282
0.07387
-0.03149
-0.15281
-0.10042
0.03398
0.05815
0.05445
0.07465
-0.07792
-0.09085
-0.00832
0.06379
-0.05908
-0.09868
0.09603
0.12381
-0.04855
-0.10707
0.02219
-0.02823
0.08983
0.08053
-0.07333
-0.12077
-0.05184
0.04461
-0.07195
0.04339
0.09670
-0.03427
-0.06227
0.05451
0.08644
-0.07274
-0.11099
-0.02898
0.00720
0.01253
0.00661
-0.06660
0.06546
0.02034
-0.08658
0.06022
0.03735
0.02456
0.08111
-0.04931
-0.16334
0.04514
-0.01383
-0.05120
0.00053
-0.04123
0.13575
0.03657
-0.10761
0.02124
0.07235
-0.12583
0.05550
0.05746
-0.12207
0.00026
0.00398
0.02308
-0.06531
0.06881
0.13969
-0.06595
-0.11899
0.09414
0.02569
-0.15334
-0.07094
-0.09548
0.04742
0.16688
0.10151
-0.03581
-0.06464
0.01365
-0.02493
-0.15412
-0.01721
0.13272
-0.00347
-0.01529
-0.05609
-0.02526
0.07765
0.02487
0.02614
-0.00191
-0.01426
-0.00884
-0.02184
-0.00889
-0.08907
-0.03735
-0.00688
-0.00672
0.10774
0.07324
-0.05773
-0.05772
0.01650
-0.00469
-0.05292
-0.06109
0.04110
0.12079
-0.01373
-0.00395
-0.00201
-0.02792
-0.01543
-0.09117
0.10499
-0.00965
-0.05473
-0.06323
-0.12314
0.07584
0.02801
0.03020
0.07246
0.08952
-0.10595
-0.05540
0.05409
-0.00205
-0.02345
-0.03962
0.03823
-0.05366
0.00552
0.01766
0.00002
0.05643
-0.00143
-0.06095
-0.09487
-0.05990
0.09422
0.11877
-0.07934
-0.03003
0.00230
-0.03885
0.04520
-0.09045
0.04379
0.14076
-0.02087
-0.10655
-0.09905
0.13518
0.07304
-0.07303
-0.07950
0.01310
0.05231
-0.00697
-0.02193
-0.00977
-0.00234
0.02607
0.02554
-0.08317
0.03005
-0.06454
-0.01458
0.10228
-0.03446
0.00096
-0.09554
0.05668
0.10487
-0.06872
-0.06050
-0.04872
0.11227
0.07018
-0.06894
-0.07546
-0.02892
0.07929
0.04800
-0.02233
-0.03661
-0.03664
0.04301
0.01111
-0.06689
0.01001
0.02228
-0.03856
0.00226
-0.00656
-0.05485
0.11744
-0.00305
-0.11248
0.05717
0.06545
-0.03883
-0.02657
0.06623
-0.02065
-0.01514
-0.02930
0.05210
-0.01112
-0.07554
0.01635
-0.04832
0.03197
0.04798
-0.00306
-0.01273
0.01092
-0.03508
-0.03365
0.01856
0.01380
0.04805
-0.03433
-0.13511
0.03637
0.12442
-0.01468
-0.03543
-0.00491
0.03351
-0.04445
-0.07309
0.02841
0.06140
0.01703
-0.03794
-0.01308
-0.00753
0.03383
0.01018
-0.06348
0.01421
0.02040
0.00941
0.02611
-0.04496
-0.00699
-0.01837
-0.04945
0.03037
-0.00828
0.06920
0.03031
-0.09492
0.03366
-0.02936
-0.04939
0.05893
0.01565
-0.00249
0.01790
-0.00214
0.02693
-0.00868
-0.07097
-0.00465
0.04977
0.02002
-0.00935
0.01465
-0.03452
0.01314
-0.04093
-0.07065
0.05195
0.04465
0.02786
-0.00287
-0.04544
-0.06938
0.05461
0.05432
0.02304
-0.03710
-0.05631
-0.00024
-0.05780
0.02121
0.03923
0.02831
-0.03813
-0.01040
0.02776
-0.00537
0.02753
0.02384
0.00227
0.02084
-0.05579
-0.12301
0.02237
0.03295
0.07793
-0.00886
-0.03337
0.02834
-0.02850
0.01352
0.01453
0.01367
-0.03438
0.01598
0.01352
-0.01362
0.02739
-0.02946
-0.07825
0.03026
0.06727
-0.01955
-0.07783
-0.00277
0.05503
-0.03385
0.05694
0.01741
-0.03077
-0.01065
-0.05580
0.01709
0.02812
0.05767
0.01788
-0.07073
0.01328
