sample-data.txt   1 channel (mono)
Sample Rate: 22050 Hz. Sample values on linear scale.
Length processed: 316 samples 0.01433 seconds.


-0.00690
0.01078
0.01379
-0.00414
-0.00984
-0.00595
-0.00682
-0.01180
-0.00293
-0.00377
-0.01448
-0.02058
-0.00462
0.00794
0.01244
0.01446
0.01346
-0.00210
-0.01777
-0.01538
-0.00311
0.00239
0.00002
0.00214
-0.00091
0.00117
0.00644
0.02099
0.02401
0.01901
-0.00074
-0.01407
-0.01833
-0.00602
0.00214
0.00773
0.01344
0.01344
0.00394
0.00092
0.01972
0.01924
0.00273
-0.01548
-0.00192
-0.01111
-0.01380
0.00051
0.02731
-0.01960
-0.05493
-0.02480
0.03140
-0.01467
-0.04941
0.02171
0.00174
-0.04212
-0.37889
-0.43417
-0.03157
0.31329
0.48585
0.42723
0.26357
-0.04060
-0.32694
-0.43568
-0.28203
0.00135
0.28137
0.44339
0.40700
0.17470
-0.13435
-0.34446
-0.38627
-0.24293
0.00497
0.25935
0.37643
0.31709
0.10638
-0.13940
-0.32222
-0.34887
-0.21029
0.02857
0.25061
0.34850
0.27516
0.06448
-0.17271
-0.33314
-0.33024
-0.17505
0.06719
0.26508
0.32815
0.23173
0.03076
-0.18676
-0.31097
-0.28504
-0.12718
0.07855
0.23968
0.28763
0.19224
0.00657
-0.17813
-0.27178
-0.24328
-0.10383
0.08912
0.23843
0.25941
0.15720
-0.00851
-0.16973
-0.25592
-0.20374
-0.06592
0.10414
0.22516
0.22869
0.12971
-0.02868
-0.16725
-0.22909
-0.17387
-0.03990
0.11245
0.20580
0.20244
0.10126
-0.04406
-0.16411
-0.20464
-0.14659
-0.02033
0.11318
0.18759
0.17371
0.07469
-0.04934
-0.15056
-0.17913
-0.12546
-0.01428
0.09907
0.16368
0.15416
0.06878
-0.04886
-0.14086
-0.16657
-0.11433
-0.01059
0.09508
0.15485
0.13838
0.06091
-0.04538
-0.12545
-0.14483
-0.09505
-0.00528
0.08377
0.13056
0.11242
0.04106
-0.05097
-0.11066
-0.11981
-0.07565
0.00086
0.07153
0.10842
0.09294
0.03496
-0.03802
-0.09563
-0.10715
-0.07095
-0.00168
0.06460
0.09802
0.08939
0.04276
-0.02133
-0.07698
-0.09321
-0.06597
-0.01160
0.04735
0.08287
0.07658
0.03377
-0.02623
-0.07159
-0.08345
-0.05633
-0.00136
0.05441
0.08608
0.07738
0.03377
-0.02371
-0.06515
-0.07487
-0.04965
-0.00218
0.04290
0.06755
0.05839
0.02195
-0.02027
-0.05359
-0.06154
-0.04370
-0.00805
0.03111
0.05405
0.05308
0.02496
-0.01361
-0.04477
-0.05279
-0.03449
-0.00248
0.02987
0.04491
0.03922
0.01650
-0.01016
-0.02609
-0.03099
-0.02314
-0.00551
0.01271
0.02443
0.02399
0.01230
-0.00349
-0.01652
-0.02009
-0.01293
-0.00078
0.01143
0.01736
0.01279
0.00145
-0.01011
-0.01628
-0.01461
-0.00712
0.00411
0.01345
0.01543
0.00867
-0.00232
-0.01209
-0.01511
-0.01048
-0.00300
0.00581
0.00927
0.00854
0.00451
-0.00071
-0.00396
-0.00553
-0.00294
-0.00080
0.00156
0.00270
0.00144
-0.00019
-0.00201
-0.00251
-0.00335
-0.00300
-0.00091
0.00053
0.00115
0.00067
0.00028
0.00015
-0.00003
-0.00009
-0.00017
-0.00009
-0.00049
0.00043
0.00052
0.00047
0.00053
-0.00011
-0.00002
-0.00084
-0.00069
-0.00042
0.00033
0.00035
0.00014
0.00040
0.00021
0.00048
-0.00015
-0.00005
-0.00047
0.00036
0.00066
0.00008
0.00055
